0
00
000
00000
000000
001
002
003
004
005
006
007
008
009
01
010
011
012
0123456
0123456789
013
014
015
016
017
018
019
02
020
021
022
023
024
025
026
027
028
029
03
030
031
032
033
034
035
036
037
038
039
04
040
041
042
043
044
045
046
047
048
049
05
050
051
052
053
054
055
056
057
058
059
06
060
061
062
063
064
065
066
067
068
069
07
070
071
072
073
074
075
076
077
078
079
08
080
081
082
083
084
085
086
087
088
0880
089
09
090
091
092
093
094
095
096
097
098
099
1
10
100
101
101010
102
103
104
105
106
107
108
109
11
110
111
11111
111111
112
112233
113
114
115
116
117
118
119
12
120
121
121212
122
123
123123
123321
12345
123456
1234567
12345678
123456789
1234567890
12345678910
123456a
123654
123abc
124
125
126
127
128
129
13
130
131
131313
132
133
134
135
136
137
138
139
14
140
141
142
143
144
145
146
147
147258
147258369
148
149
15
150
151
152
153
154
155
156
157
158
159
159357
159753
16
160
161
162
163
164
165
166
167
168
169
17
170
171
172
173
174
175
176
177
178
179
18
180
181
182
183
184
185
186
187
188
189
19
190
191
192
193
194
195
196
197
198
199
2
20
200
201
202
2025
2026
202606
202607
20260730
20260731
202608
20260801
20260802
203
204
205
206
207
208
209
21
210
211
212
213
214
215
216
217
218
219
22
220
221
222
222222
223
224
225
226
227
228
229
23
230
231
232
232323
233
234
235
236
237
238
239
24
240
241
242
243
244
245
246
246810
247
248
249
25
250
251
252
252525
253
254
255
256
257
258
259
26
260
261
262
263
264
265
266
267
268
269
27
270
271
272
273
274
275
276
277
278
279
28
280
281
282
283
284
285
286
287
288
289
29
290
291
292
293
294
295
296
297
298
299
3
30
300
301
302
303
304
305
306
307
308
309
31
310
311
312
313
314
315
316
317
318
319
32
320
321
322
323
324
325
326
327
328
329
33
330
331
332
333
333333
334
335
336
337
338
339
34
340
341
342
343
344
345
346
347
348
349
35
350
351
352
353
354
355
356
357
358
359
36
360
361
362
363
364
365
366
367
368
369
37
370
371
372
373
374
375
376
377
378
379
38
380
381
382
383
384
385
386
387
388
389
39
390
391
392
393
394
395
396
397
398
399
4
40
400
401
402
403
404
405
406
407
408
409
41
410
411
412
413
414
415
416
417
418
419
42
420
421
422
423
424
425
426
427
428
429
43
430
431
432
433
434
435
436
437
438
439
44
440
441
442
443
444
445
446
447
448
449
45
450
451
452
453
454
455
456
456789
457
458
459
46
460
461
462
463
464
465
466
467
468
469
47
470
471
472
473
474
475
476
477
478
479
48
480
481
482
483
484
485
486
487
488
489
49
490
491
492
493
494
495
496
497
498
499
5
50
500
501
502
503
504
505
506
507
508
509
50cent
51
510
511
512
513
514
515
516
517
518
519
52
520
5201314
521
522
523
524
525
526
527
528
529
53
530
531
532
533
534
535
536
537
538
539
54
540
541
542
543
544
545
546
547
548
549
55
550
551
552
5528
5529
553
5530
5531
5532
5533
5534
5535
5536
5537
5538
5539
554
5540
5541
5542
5543
5544
5545
5546
5547
5548
5549
555
5550
5551
5552
5553
5554
5555
55555
555555
5556
5557
5558
5559
556
5560
5561
5562
5563
5564
5565
5566
5567
5568
5569
557
5570
5571
5572
5573
5574
5575
5576
5577
5578
5579
558
5580
5581
5582
5583
5584
5585
5586
5587
5588
5589
559
5590
5591
5592
5593
5594
5595
5596
5597
5598
5599
56
560
5600
5601
5602
5603
5604
5605
5606
5607
5608
5609
561
5610
5611
5612
5613
5614
5615
5616
5617
5618
5619
562
5620
5621
5622
5623
5624
5625
5626
5627
5628
5629
563
5630
5631
5632
5633
5634
5635
5636
5637
5638
5639
564
5640
5641
5642
5643
5644
5645
5646
5647
5648
5649
565
5650
5651
5652
5653
5654
5655
5656
5657
5658
5659
566
5660
5661
5662
5663
5664
5665
5666
5667
5668
5669
567
5670
5671
5672
5673
5674
5675
5676
5677
5678
5679
568
5680
5681
5682
5683
5684
5685
5686
5687
5688
5689
569
5690
5691
5692
5693
5694
5695
5696
5697
5698
5699
57
570
5700
5701
5702
5703
5704
5705
5706
5707
5708
5709
571
5710
5711
5712
5713
5714
5715
5716
5717
5718
5719
572
5720
5721
5722
5723
5724
5725
5726
5727
5728
573
574
575
576
577
578
579
58
580
581
582
583
584
585
586
587
588
589
59
590
591
592
593
594
595
596
597
598
599
6
60
600
601
602
603
604
605
606
607
608
609
61
610
611
612
613
614
615
616
617
618
619
62
620
621
622
623
624
625
626
627
628
629
63
630
631
632
633
634
635
636
637
638
639
64
640
641
642
643
644
645
646
647
648
649
65
650
651
652
653
654
654321
655
656
657
658
659
66
660
661
662
663
664
665
666
666666
667
668
669
67
670
671
672
673
674
675
676
677
678
679
68
680
681
682
683
684
685
686
687
688
689
69
690
691
692
693
694
695
696
696969
697
698
699
7
70
700
701
702
703
704
705
706
707
708
709
71
710
711
712
713
714
715
716
717
718
719
72
720
721
722
723
724
725
726
727
728
729
73
730
731
732
733
734
735
736
737
738
739
74
740
741
742
743
744
745
746
747
748
749
75
750
751
752
753
754
755
756
757
758
759
76
760
761
762
763
764
765
766
767
768
769
77
770
771
772
773
774
775
776
777
777777
7777777
777m
778
779
78
780
781
782
783
784
785
786
787
788
789
789456
789456123
79
790
791
792
793
794
795
796
797
798
799
8
80
800
801
802
803
804
805
806
807
808
809
81
810
811
812
813
814
815
816
817
818
819
82
820
821
822
823
824
825
826
827
828
829
83
830
831
832
833
834
835
836
837
838
839
84
840
841
842
843
844
845
846
847
848
849
85
850
851
852
853
854
855
856
857
858
859
86
860
861
862
863
864
865
866
867
868
869
87
870
871
872
873
874
875
876
877
878
879
88
880
881
882
883
884
885
886
887
888
888888
88888888
889
89
890
891
892
893
894
895
896
897
898
899
9
90
900
901
902
903
904
905
906
907
908
909
91
910
911
912
913
914
915
916
917
918
919
92
920
921
922
923
924
925
926
927
928
929
93
930
931
932
933
934
935
936
937
938
939
94
940
941
942
943
944
945
946
947
948
949
95
950
951
952
953
954
955
956
957
958
959
96
960
961
962
963
964
965
966
967
968
969
97
970
971
972
973
974
975
976
977
978
979
98
980
981
982
983
984
985
986
987
987654
987654321
988
989
99
990
991
992
993
994
995
996
997
998
999
999999
@h777m
COM
Hui44455
Ykfaka999
aaaaaa
aaliyah
abc123
abcdef
abigail
adidas
admin
adrian
adriana
albert
alberto
alejandra
alejandro
alexander
alexandra
alexis
alicia
alyssa
amanda
america
amigos
amorcito
amores
andrea
andreea
andres
andrew
angel
angel1
angela
angelica
angelito
angelo
angels
anthony
anthony1
antonio
apples
arsenal
asdfgh
asdfghjkl
ashley
asshole
august
austin
babyblue
babyboy
babydoll
babygirl
babygirl1
babygurl
babyko
badboy
bailey
banana
barbie
barcelona
baseball
basketball
batman
beautiful
beauty
benfica
benjamin
bianca
bitch
bitch1
blink182
blondie
bonita
booboo
bot
bowwow
brandon
brenda
brianna
britney
brittany
brooke
brooklyn
bubbles
buster
butterfly
cameron
camila
cancer
cantik
carlos
carmen
carolina
casper
cassie
catherine
celtic
charles
charlie
charlotte
charmed
cheese
chelsea
cherry
chester
chicken
chivas
chocolate
chris
chris1
chrisbrown
christ
christian
christina
christine
christopher
claudia
cocacola
colombia
com
computer
cookie
cookies
corazon
courtney
cristian
cristina
crystal
cuteako
cutie
cutiepie
dakota
dancer
daniel
daniela
danielle
david
december
denise
dennis
destiny
dexter
diamond
diana
dolphin
dolphins
dragon
eduardo
edward
eeyore
elephant
elizabeth
eminem
estrella
faka999
family
fatima
fernanda
fernando
flower
flowers
fluffy
football
forever
francis
francisco
freedom
friend
friends
fucker
fuckoff
fuckyou
gabriel
gabriela
gandako
gangsta
garfield
gatita
gemini
genesis
george
ginger
gold
grace
greenday
h777m
h777m777
hahaha
hannah
happy
harley
harrypotter
heather
heaven
hello
hellokitty
hiphop
hm0880
hm0880.top
hm0880top
hm520
hm666
hm777
hm888
honey
horses
hotmail
hottie
http
hu44455
hunter
icecream
ihateyou
iloveme
iloveu
iloveyou
iloveyou1
iloveyou2
internet
inuyasha
isabel
jackie
jackson
james
january
jasmine
jason
jasper
javier
jayjay
jayson
jeffrey
jennifer
jenny
jeremy
jerome
jessica
jessie
jesus
jesus1
johncena
johnny
jonathan
jordan
jordan23
joseph
joshua
julian
junior
justin
karen
karina
katherine
katrina
kelsey
kenneth
kevin
killer
kimberly
kisses
kissme
kitten
kitty
ladybug
lakers
lalala
laura
lauren
leonardo
leslie
liliana
linda
liverpool
lollipop
london
lorena
louise
love
love123
lovelove
lovely
loveme
lover
lovers
loveyou
madison
maganda
maggie
mahal
mahalkita
mahalko
manchester
manuel
manutd
marcus
maria
mariana
marie
mariposa
martin
marvin
master
matthew
melanie
melissa
mercedes
metallica
mexico
miamor
michael
michael1
michelle
mickey
midnight
miguel
minnie
mommy1
monica
monique
monkey
monkey1
morgan
mother
muffin
mustang
mybaby
mylove
myspace
myspace1
naruto
natalia
natalie
natasha
nathan
newyork
nicholas
nicole
nicole1
nirvana
november
october
oliver
olivia
orange
orlando
pamela
panget
paola
pasaway
password
password1
patricia
patrick
peaches
peanut
pepper
pictures
piglet
playboy
pokemon
poohbear
pookie
popcorn
portugal
precious
pretty
prince
princesa
princess
princess1
purple
qq
qq321
qwerty
qwertyuiop
rachel
rafael
rainbow
rangers
raymond
rebecca
rebelde
ricardo
richard
robert
roberto
rockon
rockstar
rockyou
ronald
ronaldo
sabrina
sakura
samantha
samsung
samuel
sandra
santiago
sarah
sasuke
sayang
school
scooby
scooter
scorpio
sebastian
secret
september
sergio
sexygirl
shadow
shannon
shelby
shorty
silver
simple
single
skittles
slideshow
slipknot
smile
smiley
smokey
sms
snickers
snoopy
soccer
softball
sophie
spiderman
spongebob
steaua
stephanie
stephen
steven
strawberry
summer
sunshine
superman
superstar
sweet
sweetheart
sweetie
sweety
tatiana
taylor
teamo
teddybear
teiubesc
tequiero
teresa
test
test123
thomas
tiffany
tigers
tigger
tinkerbell
tintin
travis
tweety
valeria
vanessa
veronica
victor
victoria
vincent
volleyball
welcome
westlife
whatever
william
winnie
xavier
yellow
zxcvbnm
扫码
河马
金牌
飞机
飞机客服